,Sorted Date
0,January 12 2014
1,April 26 2020
2,May 16 2020
3,July 27 2020
4,July 29 2020
5,August 3 2020
6,August 21 2020
7,August 29 2020
8,September 3 2020
9,December 21 2020
10,December 23 2020
11,December 27 2020
12,March 12 2021
13,March 17 2021
14,April 3 2021
15,April 10 2021
16,May 13 2021
17,July 13 2021
18,July 27 2021
19,July 28 2021
